Daily Average
TABLK 1
Total Number of
In Patients
1931 1935 1936
Bospital Allotrents
1935 1936
193 133 133
26.9 16.12
9,803
, 100
608
545
$ 9,000 11,590 12,500
Chin Lee
583
21.6 88.4
6,868
7,870 8,182
Crownpoint
19,900 14,840 30,000
1,246 1,956 2,117
24,910 28,265 30,506
Defiance( General) 66,000
( 90,000 100,000
Defiance( San.) 27,000
119
149
19
169
9,074
21.2 26.2
1,756
7,078
8
40.9 48.8
221
13,386 14,929 15,00
4,200 42,000 48,700
Kagenta
749 1,016
956
27.9 21.8
7,618 10,10 7,994
94,700 2,500 24,500
Loupp
994 1,528 1,449
45.9 47.5
10,64 16,686 17,38
Shipreek
25,500 26,550 29,500
18.5 15.8
192
1,950
4,963
3,965
365
Yonalens
* 8,506 10,845 10,800
1.5 15.7
5,107
7,857
S,
771
Tohatekt
9,000 12,800 13,000
944
590 1,05 €
21
37.8 26.
7,686 18,750 9,544
Tube City
31,000 £ 9,000 35,000
21
665
10,9 20,4
4,081
3,971
9.440
591
Wingate
8,800
7,500 7,440
15,291 16,608
143
著
41.9 44.5
$
121
35,090 43,200
Sinalow
* Reported cost-
- supported from Sehool ranés
Under construetion in 1932.
