22914
RECAPITULATION.
Total
Age Group
Mixed- blood
Total Male
8
8
8
טן
א
5
תטוט
2.
3
2
1 to 3 years
4
5 to 9
10 to 14
15 to 19
20 to 29
30 to 39
40 to 49
50 to 59
60 to 69
70 to 79
80 to 89
90 and over
Total
Degree of Blood
Full- blood
Temale Total Male
220 99
2
88 47
4
356 289
3 353 1741
3 372 178
2
611 324
0
423 242
306 170
194 115
126 75
57 38
19 10
8 6
15 3,132 1,667
Female Total
12 220
41 90
167 363
179 357
193 376
287 616
181 725
336 306
79 195
126
19 57
9. 19
2
8
1,4651 3,158
Male
99
47
192
175
180
327
207
170
115
75
38
Female
121
43
17
182
196
289
181
136
80
51
19
9
2
a
52
10
6
1,678
1,480
26
11
la
