e E 30
Teacher
Miss Vander Scaufani
Szaniner
Agnes 0010
School
estern kavajo
City and state
Crown Point,.*
pupil'sene
per. Meen,
ford dies 1.
Dictation
Arith, as,
Arith. Corp.
Ed Grade
Dete
sy
33 34
134
3 34
Bessie
Bagay
thne
12
13
Lucy Castillo
Bane Wilson 23 15 31 35 16 44 30 25 19 112 76 35 28 28 36
Samuel Morgan 25 16 34 336 24 4738 40 34 21 28 35 28 36 36
Kee Delganito 31 36 49 29 20 41 38 4 49 34 76 35 257632
Julia Pinto 37 BISH3 3111956 33 32 21 12 35 19 26 27
Veta Sandewal 33 30 40371814333 36 4212121357 3227
Felecita sterren 29 24 47 33 2049 35-38 33 29 30 35 27 36 20
Merlin Bega 25 20 28 43 25 53 46 48 33 34 76 32 19 26 32
GracePino 22 16 42 31 16 60 44 13815129 12 33 25 24 127
Irene Jones 29 13 34 31 16 43 27 2121 128 31 23 26 27
John Johnson 25 34 36 39 14 50 2536 25 29 2429 31 32 32
i da Trujillo| 31 30 42 44 2237 27/32 35 21 16 29 31 2827
27 10 26 35 24 29 30 128 130 29 12 29 37 27 20
Musepahcowboy 23232 39 22 62.36 32 40 29 20 26 37 32 20
Parter Martine 16 9 19 29 1439 27 21 20 21 4 23 36 20 32
respal Platero 18 26 40 2920 49 30 42 35 21 4 2327 2015
24 34 16 143 3842
023
Lorane! Eteith 23 10 28 25 4 43 25 25 27 12 2 11 348 27
Francis Carlay 30 54
20 46
35425
36 59
4836
Sam Calico 31 44 55 37 17 sto 39 32 35 4 440 36 39 56 61
Gledy Enterity 33 33 43 44 45 335 1657547
56 42
42
B 2847 31 46 52 36 42 34 34 33 34 44 53
Charley Chavez 33 34 35 33
37 40 44 44 29 16 to 36 36 27
Kee Akinaph] 35 38 55 49 2151 34 to 44 34
49 2846 36 4447
Edward Maneru 44 30 43 45 21 55 44 44 51 31 11 42 42 3236
James Apache 33 24 47 31 16 35 36 44 42 34 40 42 339 45636
Gee Proche 29 24 16 41 24 3 3 3 3 3 3 2 2 118 4 25 to 22
Hosteen Toled, 25 14 38 33 k 50 19 21 28 34 to 31 32 44 41
Carlis Toledo 27 30 40 29 12 sto 44 46 44 29 14 39 25 40 32
Denah achito" 1430
37 17 41 32 38 25 44 16 31 31 32 27
Barky Hens 35 20 47 35 20 4 3 2 3 3 2 34 27 37 37 52 53
Frank Willeto 23 1021 31 31 41
212 21 20 12 37 37 36 47
Hoska Goreials 30 30 29 15 40 42 44 46 39 26 37 36 44 42
Julia Castill 31 38 40 38 21 4 4 4 4 4 4 3 32 34 36 40 32
Joe Vantur 18 42 35 16 56 3638 44 21
37
34
36
20
37
42
