Ear
aign
Agnes .00 re
Lorel
School
teacher
miss la
City and state
aminer
n
Crown Point, N,
Lagtern havajo
Pupil'sieme par, Menn.,
Sora
lles
A.
Dictation
Arith. -98,
Arith. Corap.
ied Grade
Dete
usay
34
34
34
33 34
Tuu3 34
* 33
3.* 34
50
43
47.
46
29 158
53
33
43
4:
Willie Haye 33 3650131151533727.28147 40.59 47 4767
wilsaguerda 4128.149.1441147.5326 28 31 132 46 32 36141.
Dorothyttasuh 33 32 513 19 49.41 33 491232 4636 31 41
Byrd W1 m 39 32 39 333 57 41.20 46 39 20.46 42 39 41
Helen Delgan 46 46 61 4524 52 49 25 59 34 36 4650 46 36
George Gruber
32160
13961
40142 27 47
Marcelino Aphe 372 35731 245| 40.2045139 26.42 47.37 32
Despach. Pino 4249 1651 30 146 26142
311
21
Andy Delgat2314 32 45 50 38 31. 40 39 32 39 39 23 53
Kechtesity 35 40 60 4917 533434 55 34 36 39 36 2353
Del EC 33 38 49139.76 52 57.62 41 432 39 42 35 36
Helentarito 39 24 43 47 15 153 30 25 23 39 36 39 39 38 34
Velma Toledo 29 36 1544125 5136 33 47 290333937135 36
Haay Martin 27124 34 41 16 31 40 35 40 31 3231 37 X 36
Jose Socaten 25 18 32 325 531 25 23 129/26 39 3713536
BenPadilla 29 k 37121114.59 2725 1924 30 32 34 33:27
Kilau mate9 25 272 39.13294 2329114.39131 2320
Roy Toledo B 718 754515
53 142 34.5144
20 37 47 37 26
Bettie Largo 33 27 413310H 36/294632
32 35137
42 32
Ambrose Jouello 20 7619 3/113 31 30 2016.12.126-30-36.123.32
Leonara Maria 20 24 125 139 35-33
25-12 271
Mancy Debianto
2 118
4. 65
23.27 32.33
* 5271
Edna Herrera 29 24 36 44 19 50 40 30 45 32 34 33 34 35 27
Wilson
Yazza
1425 21 8 31 35 28 36 34 40 BL 37234
Earl Castinno 16 12 19 41 13 37 23 25 28 29 30 31 1 2 23 32
Emilio Toledo 20 30 49 41 23 56 42 BLH 34 36 29 32 2336
Lindy im 35 26 32 40 R6 53 33 22 5 31 15 26 27 26 32
Augustine Market25 24 87 RI I BL628 21 36 kg 22 23 27
KA
38
42
31
31
3:
24
H7
37
27
12112
26
26
38
34
43
33
31
